# Python_Algorithm
Pythonのアルゴリズム練習用リポジトリ

## Q1:1×1～9×9の九九の段の答えを出力
```
出力例
1 2 3 4 5 6 7 8 9 「1」の段です
2 4 6 8 10 12 14 16 18 「2」の段です
3 6 9 12 15 18 21 24 27 「3」の段です
4 8 12 16 20 24 28 32 36 「4」の段です
5 10 15 20 25 30 35 40 45 「5」の段です
6 12 18 24 30 36 42 48 54 「6」の段です
7 14 21 28 35 42 49 56 63 「7」の段です
8 16 24 32 40 48 56 64 72 「8」の段です
9 18 27 36 45 54 63 72 81 「9」の段です
```

## Q2:ユーザーから数字を受けとって、受取った数字が3の倍数の時にfoo、それ以外の時はnooと出力

## Q3:ユーザーから2つの数字を受取って、その数の和を返すプログラム

## Q4:ユーザーから2つの数字（i, j）を受取って一度出力し、iとjの中身を入替えて再度出力するプログラム
※出力するためのコードはprint("i =", i, ", j =", j)を必ず使用すること。
```
出力結果
i = 1 , j = 2
i = 2 , j = 1
```

## Q5:「*」を使って、直角三角形を下記のように表示するプログラム
```
出力結果
*
**
***
****
*****
```

## Q6:10以下の素数の和は 2 + 3 + 5 + 7 = 17 である。20,000以下の全ての素数の和を求めよ
※「21171191」と出力されればOK。